
    ----------------------------
    Cumulative Context Size: [  500  1000  1500  2000  2500  3000  3500  4000  4500  5000  5500  6000
  6500  7000  7500  8000  8500  9000  9500 10000 10500 11000 11500 12000
 12500 13000 13500 14000 14500 15000 15500 16000 16500 17000 17500 18000
 18500 19000 19500 20000]
    Runtime Incremental no KV (ms): [  6.94639993   6.859936     6.83289599   9.80340815  13.67502403
  18.28035164  24.68737602  30.80896091  36.69745636  43.35804749
  51.27464104  60.72969437  70.52339172  82.48760223  94.02347183
 109.16574478 120.90545654 131.97020721 144.98214722 163.13175964
 181.19320679 193.15996552 211.80393982 230.07979584 255.25949097
 260.78942871 290.27604675 304.88233948 325.97444153 353.52677917
 377.17399597 399.50312805 416.20146179 455.04693604 476.0677948
 502.9236908  533.3793335  559.19775391 581.1628418  616.38870239]
    Query Runtime Incremental KV (ms): [  3.488976     3.61924791   3.94355202   5.72668791   8.18627214
  10.8970561   14.31612825  18.40587234  23.07443237  28.53328037
  33.96652794  40.36102295  44.59699249  51.43664169  58.25160027
  65.65823746  74.9978714   85.62286377  95.33001328 104.19617462
 112.13591766 123.38785553 140.03578949 154.57011414 158.78005219
 170.88234711 180.31633759 202.37722015 213.36711884 233.43809509
 240.46820831 265.99177551 276.48110962 293.38839722 313.46354675
 330.65208435 345.94430542 367.72909546 377.5712738  403.56776428]
    Condition Runtime Incremental KV (ms): [ 3.77412796  3.829808    4.03121591  4.86865592  5.74054408  7.06411195
  7.669168    8.76324797  9.85574389 11.04856014 12.37127972 13.69004822
 15.23377609 16.09127998 17.38751984 18.22473621 19.89284801 21.1605444
 22.62204838 24.04057598 24.90507126 26.18518448 27.7077446  29.40923119
 30.85619164 31.67912006 33.29512024 34.27028847 35.93454361 37.97559929
 39.84003067 39.96670341 42.85632133 43.89396858 46.01488113 47.74070358
 47.99985504 50.60046387 52.05379105 53.95212746]
    Runtime Incremental KV (ms): [  7.26310396   7.44905591   7.97476792  10.59534383  13.92681623
  17.96116805  21.98529625  27.16912031  32.93017626  39.58184052
  46.33780766  54.05107117  59.83076859  67.52792168  75.6391201
  83.88297367  94.89071941 106.78340816 117.95206165 128.2367506
 137.04098892 149.57304001 167.74353409 183.97934532 189.63624382
 202.56146717 213.61145782 236.64750862 249.30166245 271.41369438
 280.30823898 305.95847893 319.33743095 337.2823658  359.47842789
 378.39278793 393.94416046 418.32955933 429.62506485 457.51989174]
    Memory Cumulative KV (Mb): [  44.73779297   54.02929688   74.33203125   95.23388672  118.1171875
  140.20800781  163.46142578  186.515625    208.61279297  231.41992188
  254.80957031  281.76318359  306.83691406  331.04345703  355.89160156
  383.86816406  410.27539062  437.07080078  465.80712891  495.25097656
  523.30810547  552.30517578  582.38720703  612.89794922  643.60888672
  675.79052734  707.55371094  738.68457031  771.16113281  804.46044922
  838.92041016  873.99414062  907.55224609  942.18212891  977.74365234
 1014.87939453 1050.41992188 1088.24609375 1126.18212891 1165.45458984]
    Memory Cumulative No KV (Mb): [ 16.31982422  18.78173828  21.47314453  24.16455078  27.7421875
  29.70166016  32.23876953  35.08496094  38.72949219  40.31298828
  43.00439453  45.85058594  49.34082031  51.07763672  54.65722656
  57.08300781  59.15185547  61.84326172  64.53466797  68.16015625
  69.91699219  72.60839844  75.94335938  78.14648438  80.68115234
  86.24169922  86.73583984  88.75537109  91.44677734  94.13818359
  96.82958984 100.08251953 102.21142578 104.90283203 107.59423828
 110.28564453 112.97705078 115.66845703 121.22900391 122.45556641]
    