
    ----------------------------
    Cumulative Context Size: [   50   100   150   200   250   300   350   400   450   500   550   600
   650   700   750   800   850   900   950  1000  1050  1100  1150  1200
  1250  1300  1350  1400  1450  1500  1550  1600  1650  1700  1750  1800
  1850  1900  1950  2000  2050  2100  2150  2200  2250  2300  2350  2400
  2450  2500  2550  2600  2650  2700  2750  2800  2850  2900  2950  3000
  3050  3100  3150  3200  3250  3300  3350  3400  3450  3500  3550  3600
  3650  3700  3750  3800  3850  3900  3950  4000  4050  4100  4150  4200
  4250  4300  4350  4400  4450  4500  4550  4600  4650  4700  4750  4800
  4850  4900  4950  5000  5050  5100  5150  5200  5250  5300  5350  5400
  5450  5500  5550  5600  5650  5700  5750  5800  5850  5900  5950  6000
  6050  6100  6150  6200  6250  6300  6350  6400  6450  6500  6550  6600
  6650  6700  6750  6800  6850  6900  6950  7000  7050  7100  7150  7200
  7250  7300  7350  7400  7450  7500  7550  7600  7650  7700  7750  7800
  7850  7900  7950  8000  8050  8100  8150  8200  8250  8300  8350  8400
  8450  8500  8550  8600  8650  8700  8750  8800  8850  8900  8950  9000
  9050  9100  9150  9200  9250  9300  9350  9400  9450  9500  9550  9600
  9650  9700  9750  9800  9850  9900  9950 10000 10050 10100 10150 10200
 10250 10300 10350 10400 10450 10500 10550 10600 10650 10700 10750 10800
 10850 10900 10950 11000 11050 11100 11150 11200 11250 11300 11350 11400
 11450 11500 11550 11600 11650 11700 11750 11800 11850 11900 11950 12000
 12050 12100 12150 12200 12250 12300 12350 12400 12450 12500 12550 12600
 12650 12700 12750 12800 12850 12900 12950 13000 13050 13100 13150 13200
 13250 13300 13350 13400 13450 13500 13550 13600 13650 13700 13750 13800
 13850 13900 13950 14000 14050 14100 14150 14200 14250 14300 14350 14400
 14450 14500 14550 14600 14650 14700 14750 14800 14850 14900 14950 15000
 15050 15100 15150 15200 15250 15300 15350 15400 15450 15500 15550 15600
 15650 15700 15750 15800 15850 15900 15950 16000 16050 16100 16150 16200
 16250 16300 16350 16400 16450 16500 16550 16600 16650 16700 16750 16800
 16850 16900 16950 17000 17050 17100 17150 17200 17250 17300 17350 17400
 17450 17500 17550 17600 17650 17700 17750 17800 17850 17900 17950 18000
 18050 18100 18150 18200 18250 18300 18350 18400 18450 18500 18550 18600
 18650 18700 18750 18800 18850 18900 18950 19000 19050 19100 19150 19200
 19250 19300 19350 19400 19450 19500 19550 19600 19650 19700 19750 19800
 19850 19900 19950 20000]
    Runtime Incremental no KV (ms): [  6.16047041   6.14179037   6.19760804   6.21120801   6.24624805
   6.28757603   6.2890528    6.27124634   6.26944168   6.26282883
   6.26132321   6.33823681   6.31348321   6.32496166   6.33457439
   6.33331683   6.34062083   6.33536963   6.32377601   6.32940803
   6.2263376    6.24221282   6.23393605   6.24337602   6.25115521
   6.23745279   6.2386528    6.25539041   6.24731362   6.242208
   6.28170881   6.28678238   6.30700161   6.28594239   6.26779521
   6.26856804   6.26245122   6.24372797   6.25825124   6.25465121
   6.251752     6.2371104    6.40631363   6.56043041   6.86893442
   6.87850878   7.00862877   7.17256157   7.43005443   7.62932796
   7.64970558   7.90663362   8.12326558   8.36458249   8.42319837
   8.61750402   8.77024002   9.04079356   9.34023995   9.39384809
   9.5079217    9.77651358  10.1760272   10.34971519  10.44608803
  10.67661271  10.95153279  11.29574723  11.35644956  11.65360646
  11.91377912  12.21809115  12.46776972  12.54658551  12.88311038
  13.13504162  13.48307676  13.57175055  13.90277753  14.14624162
  14.47943993  15.00455194  15.14431839  15.27534251  15.73294244
  16.26476469  16.3732625   16.84371824  17.14451847  17.49186382
  17.84851189  17.85901127  18.22320805  18.56387825  18.95488949
  19.33566399  19.34246702  19.63926077  19.85573139  20.22243052
  20.20929108  20.63099527  20.87131357  21.34587164  21.61991034
  21.45816965  21.89737282  22.31599512  22.77364149  22.95523195
  23.38816481  23.81840649  24.19149914  24.68512173  24.87781124
  25.33703842  25.87194252  26.37500486  26.38044815  26.84267683
  27.35727196  27.9385376   28.3521822   28.21750412  28.39219198
  28.75104475  29.37452955  29.81293116  29.58785286  30.18567829
  30.85124159  31.50782385  31.67781267  31.92767515  32.5722146
  32.92542562  33.49878063  33.62800331  34.18890533  34.84178581
  35.3056097   35.31164646  35.65311203  36.23206863  36.62960281
  37.23054047  37.18673935  38.19530907  38.64707642  39.23902378
  39.14074402  39.27967186  39.77044258  40.15831509  40.97739391
  41.13663349  41.64577885  42.39361572  43.12099838  43.57482262
  43.54396496  44.15421638  44.70449409  45.20322571  45.42293587
  45.99275837  46.99599895  47.32397118  47.86247215  47.88170929
  47.84058857  48.29074383  48.81168423  49.08080463  50.30898895
  51.03725262  52.00884304  52.6242527   52.74366875  53.31773815
  53.73404312  54.66746387  54.91093102  55.43056812  55.83312626
  56.11054401  56.41243382  56.98989296  57.85313454  58.43069267
  58.91090698  59.50223503  60.05943069  61.38770542  62.0035984
  62.06747417  61.25498238  61.59672318  62.70175953  63.28878517
  64.63601475  64.23891258  65.23022442  66.36974163  67.50131187
  66.96207676  67.25889912  68.14429626  68.63531837  69.48379097
  69.29805412  70.9661377   71.27444649  72.0190731   72.3236969
  73.3425106   73.78598824  74.06342239  74.860112    75.56208839
  76.5513195   76.85791016  77.81059608  78.72524147  78.00339508
  78.38581276  79.74116173  80.39803047  81.0809124   82.22976685
  82.88249931  83.44241447  83.84204979  84.00356369  84.45223694
  85.11302299  86.3855114   87.31783524  87.97389908  88.28652153
  88.83992691  89.53605042  90.21666412  91.04133911  91.52260551
  91.91003532  91.79599991  93.2190258   94.7673893   95.80634346
  95.91645966  96.17833481  96.60753975  96.7739254   98.38749008
  99.48981705  99.14320679 100.46658058 101.46721687 102.00249748
 101.96168404 103.16894379 104.05034332 104.76292    106.14444466
 106.65708313 106.71685715 107.80964279 108.44249039 107.88770599
 110.22579651 111.53480797 112.42253265 112.88753204 111.50327454
 112.09665909 113.72342682 115.57162704 116.88584404 116.62241898
 116.94644585 117.55136948 118.86249542 119.37325134 119.80195351
 121.20781021 122.1851181  122.74439354 123.80547981 123.70969582
 124.23605042 125.52514687 125.46027565 128.58670998 128.86742783
 129.16435966 129.15979233 128.9243206  131.14967384 131.79537506
 133.69529037 133.65312462 134.17656937 134.90716248 135.39757004
 138.736306   137.88251419 136.49757156 138.6774826  140.78764038
 142.16256943 139.31762466 141.49675751 144.10985336 143.17003098
 144.66212769 145.58541107 147.0220726  148.16360168 148.48103256
 148.83967056 148.88024216 151.04223557 152.15128174 152.06451416
 153.3827507  152.68769913 155.44901428 157.05855179 157.14375381
 157.28359299 157.97287216 159.5904541  161.08338547 161.43438721
 161.73599701 163.76195602 163.94746246 164.71437683 165.28158188
 166.55432892 167.83708115 168.08250275 168.53283691 170.57301483
 170.31983643 171.30062485 172.96654053 173.45393372 174.78118591
 175.39538574 176.42018433 177.05921249 179.52181549 179.65882111
 179.02733307 182.19782944 182.34951172 182.99847412 184.42951736
 186.09466782 185.89824219 186.47478561 188.25973282 188.96683044
 190.3553627  189.84379654 191.70202484 194.38019562 192.3356987
 193.87097855 197.09867935 196.2932579  196.06394653 197.88984222
 199.16383209 199.88472977 200.91655197 204.14812469 202.30645676
 204.97934189 205.19518661 206.41858826 207.63653336 208.63577499
 208.12048416 211.14398193 212.02438965 212.37052383 212.23023453
 215.21128082 215.3002655  216.80234985 218.40482864 216.69893417
 218.94646759 221.52499847 220.9420929  222.28635712 224.78008347]
    Query Runtime Incremental KV (ms): [ 3.38224322  3.34801118  3.36004962  3.3617792   3.39662081  3.38207364
  3.39784001  3.38730881  3.387256    3.3886176   3.38800957  3.3902032
  3.39159038  3.39011201  3.37069283  3.3640256   3.37067043  3.37948802
  3.39311681  3.37953758  3.375896    3.37581121  3.3879424   3.38319839
  3.389696    3.38528479  3.39850563  3.37481922  3.37638559  3.39263198
  3.39304799  3.38904004  3.40209759  3.37439198  3.3805312   3.3694976
  3.3882576   3.39105921  3.39304639  3.38407841  3.36277438  3.37181437
  3.36423038  3.37891039  3.36815521  3.37673759  3.3786384   3.3836448
  3.37295519  3.36487998  3.37735519  3.3824368   3.38823038  3.39381281
  3.37796159  3.37118241  3.3708784   3.37078241  3.37955041  3.37480003
  3.3784176   3.38477919  3.38578719  3.39649599  3.39028318  3.38908958
  3.38541281  3.38328961  3.3781152   3.391912    3.38878239  3.3768272
  3.37985121  3.38214558  3.36833117  3.37750239  3.3851856   3.41514081
  3.42977121  3.4728512   3.50683359  3.53179679  3.55487199  3.5956768
  3.63002399  3.67392796  3.68370879  3.7931872   3.80935839  3.85035522
  3.88403519  3.9024496   3.94390563  3.9696704   4.0031088   4.0455984
  4.05967522  4.10150247  4.12138882  4.16406722  4.18166077  4.2208864
  4.25938556  4.27869916  4.30566559  4.31911523  4.36020484  4.39975836
  4.4302336   4.44127996  4.4809072   4.50753279  4.5486896   4.58288958
  4.598704    4.63091519  4.65911999  4.71587679  4.72478883  4.75750072
  4.79362245  4.81650722  4.85255678  4.87516     4.91350882  5.02896481
  4.96633921  5.01773434  5.0279952   5.06052644  5.1199904   5.14834399
  5.15550559  5.19302881  5.24512     5.26965926  5.3189872   5.32551677
  5.36587844  5.39705439  5.43170884  5.4296288   5.46502726  5.51096961
  5.53499036  5.56950245  5.58658881  5.62164006  5.65310717  5.69661121
  5.71245756  5.73892958  5.78223524  5.83192804  5.8613008   5.87946076
  5.91707997  5.93863039  5.97765281  6.02934399  6.01736963  6.05367205
  6.10343199  6.11782076  6.1437376   6.17731686  6.20478394  6.23638718
  6.25594242  6.29571998  6.331704    6.37170243  6.40506234  6.42454724
  6.53349762  6.57215362  6.61984162  6.67198877  6.69412804  6.72294559
  6.74977598  6.78904798  6.80674562  6.82756324  6.88509758  6.9050288
  6.94147043  6.96058722  6.99499354  7.02475841  7.08488321  7.12168477
  7.07346556  7.13052316  7.17491679  7.2093024   7.22615037  7.27850237
  7.28528483  7.32794559  7.38140802  7.40216959  7.43729601  7.45582721
  7.48995361  7.50673923  7.52974076  7.55540962  7.60974555  7.64887681
  7.64741282  7.68741443  7.75516801  7.77012157  7.829864    7.84720325
  7.88582888  7.92764635  7.97236638  7.98133752  8.03013749  8.03203366
  8.05385444  8.08657277  8.08624492  8.10476322  8.19224148  8.22079513
  8.2430896   8.2945168   8.30186086  8.32777758  8.41183524  8.42431192
  8.49593282  8.54808335  8.57615523  8.60102401  8.61893272  8.6819695
  8.6943552   8.72085118  8.72056322  8.75559034  8.72421923  8.71600475
  8.78257446  8.81483684  8.82414722  8.87768316  8.89654088  8.92751045
  8.96837764  9.06601291  9.10289278  9.0697185   9.11306887  9.1728848
  9.22440796  9.24927359  9.30497761  9.4083921   9.46765594  9.52657447
  9.52710409  9.56246557  9.64837604  9.64668179  9.64209599  9.60783205
  9.70851202  9.75413918  9.72212152  9.69984946  9.67355833  9.86141272
  9.81111999  9.98020964  9.94158878 10.018016   10.0512094  10.08403683
 10.23010721 10.26381922 10.22659202 10.20927358 10.29829931 10.41749606
 10.37134886 10.36307526 10.46925278 10.53298879 10.51566405 10.41374083
 10.54118237 10.52283983 10.4947823  10.5118319  10.53313603 10.5651104
 10.56446724 10.59651351 10.6945087  10.75559359 10.85945601 10.92732162
 11.03357124 11.08983684 11.1415184  11.22894235 11.16949749 10.99539838
 11.06724157 11.04455824 11.00812006 11.05215673 11.1024848  11.1291553
 11.2891952  11.29360003 11.26622882 11.27986073 11.388272   11.46099033
 11.40231686 11.43233919 11.57905607 11.66283684 11.73739038 11.69609275
 11.72234077 11.83804002 11.77471519 11.77214241 11.8117775  11.87051196
 11.84295201 11.850912   11.92207036 11.99447999 12.03707361 12.09122238
 12.08470888 12.06752491 12.14674397 12.15844951 12.0772368  12.27406883
 12.4801743  12.50521755 12.495752   12.67443032 12.77550073 12.79534087
 12.83919039 12.72202082 12.77754731 12.72045922 12.64031038 12.65616627
 12.80358877 12.81050878 12.91385918 12.993504   13.01914401 13.00775514
 12.99118876 12.96247501 13.0222065  13.05483031 13.01055679 13.04524474
 13.04885759 13.18505116 13.32195363 13.51512313 13.63072004 13.68037443
 13.47815046 13.44504166 13.42274709 13.36986728 13.52704158 13.56048636
 13.63597279 13.52309928 13.53411999 13.62866721 13.78652959 13.85944958
 13.87657123 13.91860805 13.97345119 13.86224799 14.11251998 14.19663997
 14.15595045 14.07916174 14.12885451 14.07787199]
    Condition Runtime Incremental KV (ms): [ 3.62200478  3.6482352   3.64310399  3.6376416   3.6159888   3.622328
  3.65748     3.64289118  3.6594592   3.6465872   3.66584799  3.6949872
  3.65789601  4.0087824   3.66420479  3.64638718  3.6460592   3.6502736
  3.65753441  3.65187519  3.66601118  3.6376912   3.65132958  3.6422304
  3.64620641  3.63075839  3.6520368   3.65473921  3.64702721  3.67141123
  3.66820158  3.666616    3.68690879  4.0079856   3.66642878  3.66249603
  3.65524161  3.65869279  3.66160799  3.67471039  3.6631616   3.6455904
  3.6496736   3.65875201  3.656248    3.63928478  3.67515998  3.67059681
  3.69862242  3.69961283  3.715864    3.72470721  3.7249808   4.08483038
  3.75536319  3.76178241  3.76391041  3.78674241  3.80132796  3.8021952
  3.81393118  3.8235008   3.83812801  3.8541952   3.86847361  3.91077437
  3.97176479  4.02397442  4.059496    4.10962403  4.17439044  4.22522721
  4.28982561  4.61982241  4.37030885  4.43766882  4.48424001  4.52564163
  4.57968318  4.62654884  4.68501763  4.74449284  4.78323519  4.84296319
  4.9139184   4.96783359  5.01563358  5.06116958  5.12233281  5.18113282
  5.24408636  5.29039681  5.34593761  5.718928    5.46089118  5.52096801
  5.55954237  5.61871521  5.68115044  5.73917923  5.788744    5.84071999
  5.92167358  5.96832635  6.00702722  6.0488416   6.10848961  6.19664004
  6.2451328   6.29348638  6.36069283  6.41172161  6.47348478  6.84120162
  6.5857312   6.63968964  6.70871041  6.7587328   6.80373282  6.8628464
  6.93247364  6.98880639  7.06202242  7.10983202  7.17187834  7.25032961
  7.3282304   7.37275996  7.42177441  7.48352799  7.56107678  7.63598719
  7.68234398  8.04295516  7.82693598  7.88052807  7.95792649  8.01009436
  8.08485119  8.16303363  8.20381765  8.24896479  8.31925602  8.39679995
  8.46278877  8.50866237  8.56486716  8.64367995  8.72239847  8.78881283
  8.84287038  8.90422716  8.98484793  9.36402555  9.13762398  9.20962873
  9.25893288  9.31642399  9.38280005  9.46104965  9.51895518  9.57344003
  9.65036321  9.70568962  9.78313446  9.84616966  9.92066889  9.97325282
 10.04587841 10.10751853 10.19339519 10.30021439 10.34936471 10.72838402
 10.47106562 10.56120644 10.64342246 10.7251008  10.80000005 10.86011519
 10.94736004 11.01051044 11.09335365 11.14990249 11.2257216  11.31115999
 11.38385282 11.45550561 11.52394881 11.61735668 11.66953282 11.76318245
 11.80523353 12.15481768 11.92548809 12.01849275 12.08467684 12.16984162
 12.29116001 12.31603508 12.42323999 12.48443685 12.54639997 12.6790832
 12.71723523 12.78490086 12.83841596 12.89831042 12.99000955 13.09714723
 13.1492095  13.2324976  13.34166236 13.73882241 13.49430561 13.58879366
 13.71169286 13.75105762 13.83452954 13.92561593 13.99486871 14.11147041
 14.12526402 14.17993746 14.23120322 14.28755045 14.40669441 14.51222405
 14.61980948 14.70540476 14.7887104  14.83271685 14.940272   15.35095201
 15.1337616  15.29144793 15.36186404 15.47867208 15.50455832 15.62311201
 15.6999712  15.79202881 15.84033265 15.88763509 15.94703031 15.92272487
 16.01387992 16.09023514 16.22051682 16.24973617 16.34201469 16.44380817
 16.55961781 17.00953588 16.80741587 16.83384161 16.88940477 17.02671041
 17.11657772 17.22596817 17.36434708 17.46524315 17.60655336 17.68021278
 17.7593936  17.82495375 17.98370247 18.05928955 18.08188477 18.12444162
 18.18038092 18.34500961 18.43208485 18.71827192 18.41931686 18.50080795
 18.72419033 18.79015512 18.98503656 19.09223042 19.25436478 19.32944164
 19.57642078 19.75012465 19.65506058 19.72825451 19.85150557 20.04287357
 20.1813056  20.11344004 20.25913754 20.50760021 20.4858737  20.70402422
 20.50756454 20.67354393 20.58901443 20.62994242 20.72380791 20.88130417
 20.90348339 21.00915508 21.14448004 21.30056648 21.41680145 21.64841928
 21.94310875 21.9772047  22.22631531 22.43986731 22.37655354 22.29531679
 22.17562714 22.60844498 22.29413443 22.30402088 22.41986094 22.61025124
 22.70249271 22.89577093 22.89435844 22.93051062 23.14421272 23.28813295
 23.36061296 23.39771976 23.66246405 23.87248459 23.96887836 23.97355986
 24.1222209  24.32043676 24.43533106 24.7221983  24.48702087 24.56077604
 24.69088163 24.70977583 24.75743198 24.94442911 25.00010729 25.27501593
 25.31443672 25.33122549 25.4663312  25.55957766 25.63167505 25.63267832
 26.00569286 26.26110382 26.28952007 26.43986893 26.74837914 27.20318098
 27.04776192 27.03505907 26.96006422 27.09655514 26.99446545 26.81571198
 27.13325596 27.3038415  27.4181776  27.70376339 27.77002249 27.9321826
 27.91038694 27.80771837 28.00173283 28.04022732 28.18012962 28.20104675
 28.26346874 28.7343729  28.76267376 29.03964958 29.45801935 29.65147352
 29.62511196 29.41160316 29.24192638 29.37740498 29.51063051 29.72447176
 29.84875689 29.88039036 29.90885601 29.98157101 30.23468657 30.56916151
 30.79305449 30.7551568  30.94534883 31.26120176 31.03006048 31.51193619
 31.60303822 31.46087494 31.58634415 31.53069124]
    Runtime Incremental KV (ms): [ 7.004248    6.99624639  7.00315361  6.9994208   7.01260961  7.00440164
  7.05532001  7.03019999  7.0467152   7.0352048   7.05385756  7.0851904
  7.04948639  7.39889441  7.03489761  7.01041279  7.01672963  7.02976161
  7.05065122  7.03141277  7.04190718  7.01350241  7.03927197  7.0254288
  7.03590242  7.01604319  7.05054243  7.02955843  7.0234128   7.06404321
  7.06124957  7.05565604  7.08900639  7.38237759  7.04695998  7.03199363
  7.04349921  7.049752    7.05465438  7.0587888   7.02593598  7.01740477
  7.01390399  7.0376624   7.0244032   7.01602237  7.05379838  7.05424161
  7.07157761  7.06449281  7.0932192   7.10714401  7.11321118  7.47864319
  7.13332478  7.13296481  7.13478881  7.15752482  7.18087837  7.17699523
  7.19234878  7.20827999  7.2239152   7.25069119  7.25875679  7.29986396
  7.3571776   7.40726403  7.4376112   7.50153602  7.56317283  7.60205442
  7.66967682  8.00196799  7.73864002  7.81517122  7.86942561  7.94078244
  8.00945439  8.09940004  8.19185122  8.27628963  8.33810718  8.43864
  8.54394239  8.64176155  8.69934237  8.85435678  8.93169121  9.03148804
  9.12812155  9.19284641  9.28984324  9.68859841  9.46399997  9.56656641
  9.61921759  9.72021768  9.80253925  9.90324645  9.97040477 10.06160638
 10.18105915 10.24702551 10.31269281 10.36795683 10.46869445 10.5963984
 10.6753664  10.73476634 10.84160004 10.9192544  11.02217438 11.4240912
 11.1844352  11.27060483 11.3678304  11.47460959 11.52852166 11.62034712
 11.72609608 11.80531361 11.9145792  11.98499203 12.08538716 12.27929442
 12.29456961 12.3904943  12.44976962 12.54405444 12.68106718 12.78433118
 12.83784957 13.23598397 13.07205598 13.15018733 13.27691369 13.33561113
 13.45072963 13.56008801 13.63552649 13.67859359 13.78428328 13.90776956
 13.99777913 14.07816482 14.15145597 14.26532001 14.37550564 14.48542404
 14.55532794 14.64315674 14.76708317 15.19595358 14.99892478 15.08908949
 15.17601285 15.25505438 15.36045287 15.49039364 15.53632481 15.62711208
 15.75379519 15.82351038 15.92687206 16.02348652 16.12545283 16.20964
 16.30182083 16.40323851 16.52509918 16.67191682 16.75442705 17.15293126
 17.00456324 17.13336005 17.26326408 17.39708958 17.49412808 17.58306079
 17.69713602 17.79955842 17.90009928 17.97746572 18.11081917 18.21618879
 18.32532325 18.41609282 18.51894236 18.64211509 18.75441604 18.88486722
 18.87869909 19.28534083 19.10040488 19.22779515 19.31082721 19.44834399
 19.57644484 19.64398067 19.80464802 19.88660643 19.98369598 20.13491042
 20.20718884 20.29164009 20.36815672 20.45372005 20.5997551  20.74602404
 20.79662232 20.91991203 21.09683037 21.50894399 21.32416961 21.43599691
 21.59752173 21.67870398 21.80689592 21.90695345 22.0250062  22.14350407
 22.17911847 22.26651022 22.31744814 22.39231367 22.59893589 22.73301919
 22.86289909 22.99992156 23.09057126 23.16049442 23.35210724 23.77526393
 23.62969441 23.83953128 23.93801928 24.07969608 24.12349105 24.30508151
 24.3943264  24.51287999 24.56089587 24.64322543 24.67124953 24.63872962
 24.79645438 24.90507197 25.04466405 25.12741933 25.23855557 25.37131863
 25.52799544 26.07554879 25.91030865 25.90356011 26.00247364 26.19959521
 26.34098568 26.47524176 26.66932468 26.87363524 27.07420931 27.20678725
 27.28649769 27.38741932 27.6320785  27.70597134 27.72398076 27.73227367
 27.88889294 28.0991488  28.15420637 28.41812139 28.09287519 28.36222067
 28.53531032 28.77036476 28.92662535 29.11024642 29.30557418 29.41347847
 29.806528   30.01394386 29.88165259 29.93752809 30.14980488 30.46036963
 30.55265446 30.47651529 30.72839031 31.040589   31.00153775 31.11776505
 31.04874692 31.19638376 31.08379674 31.14177432 31.25694394 31.44641457
 31.46795063 31.60566859 31.83898873 32.05616007 32.27625747 32.57574091
 32.97667999 33.06704154 33.36783371 33.66880965 33.54605103 33.29071517
 33.24286871 33.65300322 33.30225449 33.35617762 33.52234573 33.73940654
 33.99168792 34.18937097 34.16058726 34.21037135 34.53248472 34.74912329
 34.76292982 34.83005896 35.24152012 35.53532143 35.70626874 35.66965261
 35.84456167 36.15847678 36.21004624 36.49434071 36.29879837 36.431288
 36.53383365 36.56068783 36.67950234 36.9389091  37.0371809  37.36623831
 37.3991456  37.3987504  37.61307516 37.71802716 37.70891185 37.90674715
 38.48586717 38.76632137 38.78527207 39.11429925 39.52387986 39.99852185
 39.8869523  39.75707989 39.73761153 39.81701436 39.63477583 39.47187824
 39.93684473 40.11435027 40.33203678 40.69726739 40.7891665  40.93993773
 40.90157571 40.77019339 41.02393932 41.09505763 41.19068642 41.24629149
 41.31232634 41.91942406 42.08462739 42.55477271 43.0887394  43.33184795
 43.10326242 42.85664482 42.66467347 42.74727225 43.03767209 43.28495812
 43.48472967 43.40348964 43.442976   43.61023822 44.02121615 44.42861109
 44.66962571 44.67376485 44.91880002 45.12344975 45.14258046 45.70857615
 45.75898867 45.54003668 45.71519866 45.60856323]
    Memory Cumulative KV (Mb): [ 14.16796875  14.60742188  15.046875    15.48632812  15.92578125
  16.36523438  16.8046875   17.24414062  17.68359375  18.12304688
  18.63525391  19.21875     19.79394531  20.37402344  20.95898438
  21.56152344  22.15576172  22.75488281  23.35888672  23.98046875
  24.59375     25.21191406  25.83496094  26.47558594  27.10791016
  27.74511719  28.38720703  29.046875    29.69873047  30.35498047
  31.01611328  31.69628906  32.4453125   33.20507812  33.97363281
  34.76416016  35.55126953  36.34912109  37.15576172  37.984375
  39.66943359  43.10742188  44.484375    44.484375    44.59570312
  44.59570312  46.45166016  46.69335938  46.76318359  46.76318359
  46.81933594  47.26611328  47.56542969  47.84082031  48.390625
  49.18359375  50.70703125  52.15429688  52.90966797  53.02685547
  53.37060547  54.80712891  55.40136719  56.87353516  57.66259766
  58.3515625   60.27441406  60.45898438  61.01464844  61.64794922
  62.68701172  64.56445312  65.47558594  66.29882812  68.01757812
  69.68212891  70.09619141  71.79443359  72.54345703  73.27685547
  74.53320312  74.86474609  75.89501953  77.05810547  78.22998047
  79.41259766  80.60400391  82.61035156  83.52832031  84.52832031
  86.37548828  87.37011719  88.47167969  89.50976562  90.85058594
  91.93261719  93.07324219  95.97265625  96.9609375   97.8125
  98.72265625  99.74072266 101.01123047 102.31494141 103.67822266
 105.05029297 106.43310547 108.75146484 110.00537109 111.27001953
 112.56787109 114.56054688 116.71582031 117.75097656 118.94042969
 120.06640625 121.2265625  122.63916016 124.11083984 125.44580078
 126.83935547 128.30810547 129.84326172 132.265625   133.59960938
 134.96777344 136.39355469 137.87890625 139.34863281 141.80615234
 143.27099609 144.81787109 146.32666016 147.74560547 149.22412109
 150.73681641 152.32958984 154.00732422 155.69384766 157.39111328
 159.09716797 160.81298828 162.53857422 165.17724609 166.77490234
 168.45556641 170.14599609 171.69970703 173.26220703 175.79492188
 177.49902344 179.23730469 180.984375   182.74121094 184.58105469
 186.28417969 188.95166016 190.57568359 192.25830078 193.99951172
 195.77392578 197.48583984 199.19824219 200.97509766 202.90966797
 204.85498047 206.80908203 208.77294922 210.74658203 212.72900391
 214.72119141 216.72314453 219.61425781 221.51367188 223.421875
 225.38867188 227.38964844 229.25292969 231.15136719 233.10742188
 235.17041016 237.26708984 239.37451172 241.49072266 243.61669922
 245.75244141 247.89697266 250.05126953 252.21533203 254.38916016
 256.57275391 258.76513672 260.96728516 263.17919922 266.35595703
 268.48876953 270.65576172 272.85693359 274.97021484 277.11669922
 279.29736328 281.48779297 283.71240234 285.97021484 288.14111328
 290.46435547 292.80029297 295.14501953 297.49951172 299.86474609
 302.23779297 304.62158203 307.01416016 309.41748047 311.82958984
 315.15478516 317.48876953 319.85595703 322.28173828 324.57080078
 326.91748047 329.29833984 332.67431641 335.05029297 337.48486328
 339.80517578 342.35595703 344.79443359 347.29150391 349.79736328
 352.31298828 354.83837891 357.34912109 359.91748047 362.47216797
 365.03564453 367.60791016 370.16650391 372.83154297 375.38427734
 377.99560547 380.61669922 383.24658203 385.92626953 388.62451172
 391.33251953 394.04931641 396.77587891 399.51220703 402.25830078
 405.01416016 407.77880859 410.55322266 413.33740234 416.13037109
 418.93408203 421.74658203 424.56787109 427.39990234 431.19628906
 433.97460938 436.76074219 439.484375   442.4375     445.1796875
 448.00488281 450.83886719 453.68359375 456.53710938 459.47363281
 462.29785156 465.15625    468.04785156 471.01904297 474.00341797
 476.99755859 480.00048828 483.01318359 486.03564453 489.06787109
 492.10888672 495.15966797 498.22021484 501.29052734 504.37060547
 507.45947266 511.53613281 514.57128906 517.61523438 520.74316406
 523.7578125  526.80664062 529.88867188 532.98144531 536.00976562
 539.26757812 542.31542969 545.4453125  548.58496094 551.734375
 554.94091797 558.18310547 561.43408203 564.69482422 567.96533203
 571.24462891 574.53466797 577.83349609 581.14208984 584.45947266
 587.78759766 591.12451172 594.47119141 597.82763672 601.19287109
 604.56787109 607.95263672 611.41503906 614.75146484 618.16455078
 621.58740234 625.02001953 628.46240234 631.91357422 635.37451172
 638.84521484 642.32568359 645.81494141 649.31396484 652.82275391
 656.34130859 659.86865234 664.03662109 667.43701172 670.51025391
 674.07568359 677.65087891 681.23681641 684.83056641 688.43505859
 692.04833984 695.67236328 699.30517578 702.94677734 706.59912109
 710.26025391 713.93115234 717.61181641 721.30126953 725.00048828
 729.65722656 733.15625    736.34765625 739.93847656 743.64111328
 747.39794922 751.16455078 754.93994141 758.72509766 762.52001953
 766.32470703 770.13818359 773.96240234 777.79541016 781.63720703
 785.48974609 789.35107422 793.22216797 797.10302734 800.99365234
 804.89306641 808.80224609 813.62060547 817.03662109 820.65673828
 824.53466797 828.49169922 832.45849609 836.43505859 840.42041016
 844.41552734 848.42041016 852.43408203 856.45849609 860.49169922
 864.53369141 868.58642578 872.64794922 876.72021484 881.75634766
 885.79833984 889.85009766 893.91064453 897.95654297 902.06005859
 906.14990234 911.07519531 915.68066406 919.63183594 923.58642578]
    Memory Cumulative No KV (Mb): [13.82714844 13.94921875 14.07128906 14.23779297 14.43310547 14.62841797
 14.82373047 15.01904297 15.21435547 15.40966797 15.60498047 15.80029297
 15.99560547 16.19091797 16.38623047 16.58154297 16.77685547 16.97216797
 17.16748047 17.36279297 17.55810547 17.75341797 17.94873047 18.14404297
 18.33935547 18.53466797 18.72998047 18.92529297 19.12060547 19.31591797
 19.51123047 19.70654297 19.90185547 20.09716797 20.29248047 20.48779297
 20.68310547 20.87841797 21.07373047 21.26904297 22.32373047 22.32373047
 22.32373047 22.32373047 23.12988281 23.12988281 23.12988281 23.12988281
 23.12988281 24.10693359 24.10693359 24.10693359 24.10693359 24.10693359
 24.19873047 25.328125   25.328125   25.328125   25.328125   25.328125
 25.37060547 25.56591797 25.76123047 26.89111328 26.91552734 26.93994141
 26.96435547 26.98876953 27.01318359 27.12841797 27.32373047 27.51904297
 27.71435547 27.90966797 28.99121094 29.04003906 29.08886719 29.13769531
 29.18652344 29.23535156 29.28417969 29.47216797 29.66748047 29.86279297
 30.05810547 30.25341797 30.44873047 30.64404297 30.83935547 31.92138672
 31.99462891 32.06787109 32.14111328 32.21435547 32.28759766 32.36083984
 32.43408203 32.59716797 32.79248047 32.98779297 33.18310547 33.37841797
 33.57373047 33.76904297 33.96435547 34.15966797 34.35498047 34.55029297
 34.74560547 34.94091797 35.13623047 37.12353516 37.12353516 37.12353516
 37.12353516 37.12353516 37.12353516 37.12353516 37.12353516 37.12353516
 37.14648438 37.28466797 37.47998047 37.67529297 37.87060547 38.06591797
 38.26123047 38.45654297 38.65185547 39.80126953 39.85009766 39.89892578
 39.94775391 39.99658203 40.04541016 40.09423828 40.21435547 40.40966797
 40.60498047 40.80029297 40.99560547 41.19091797 41.38623047 41.58154297
 41.77685547 41.97216797 42.16748047 42.36279297 43.51904297 43.64111328
 43.76318359 43.88525391 44.00732422 44.12939453 44.25146484 45.328125
 45.328125   45.328125   45.328125   45.328125   45.328125   45.328125
 45.39257812 45.48779297 45.68310547 45.87841797 46.07373047 46.26904297
 46.46435547 46.65966797 46.85498047 47.05029297 47.24560547 47.44091797
 47.63623047 47.83154297 48.02685547 48.22216797 48.41748047 48.61279297
 48.80810547 49.00341797 49.19873047 49.39404297 49.58935547 49.78466797
 49.97998047 50.17529297 50.37060547 50.56591797 50.76123047 50.95654297
 51.15185547 51.34716797 52.49755859 52.59521484 52.69287109 52.79052734
 52.88818359 52.98583984 53.08349609 53.18115234 53.27880859 53.37646484
 53.49560547 53.69091797 53.88623047 54.08154297 54.27685547 54.47216797
 54.66748047 54.86279297 55.05810547 55.25341797 55.44873047 55.64404297
 55.83935547 56.03466797 56.22998047 56.42529297 56.62060547 56.81591797
 57.99707031 58.14355469 58.29003906 58.43652344 58.58300781 58.72949219
 58.87597656 59.02246094 59.16894531 59.31542969 59.46191406 59.60839844
 59.75488281 59.90136719 60.04785156 60.19433594 60.34082031 60.48730469
 60.63378906 60.78027344 60.92675781 61.11279297 61.30810547 61.50341797
 61.69873047 61.89404297 62.08935547 62.28466797 62.47998047 62.67529297
 62.87060547 63.06591797 63.26123047 63.45654297 63.65185547 63.84716797
 64.04248047 66.14892578 66.19775391 66.24658203 66.29541016 66.34423828
 66.39306641 66.44189453 66.49072266 66.53955078 66.58837891 66.63720703
 66.68603516 66.73486328 66.78369141 66.97216797 67.16748047 67.36279297
 67.55810547 67.75341797 67.94873047 68.14404297 68.33935547 68.53466797
 68.72998047 68.92529297 69.12060547 69.31591797 69.51123047 69.70654297
 69.90185547 70.09716797 70.29248047 70.48779297 70.68310547 70.87841797
 71.07373047 71.26904297 71.46435547 71.65966797 71.85498047 72.05029297
 72.24560547 72.44091797 72.63623047 72.83154297 73.02685547 73.22216797
 73.41748047 73.61279297 73.80810547 74.00341797 74.19873047 74.39404297
 74.58935547 74.78466797 74.97998047 75.17529297 75.37060547 75.56591797
 75.76123047 75.95654297 76.15185547 76.34716797 76.54248047 76.73779297
 76.93310547 77.12841797 77.32373047 77.51904297 77.71435547 77.90966797
 78.10498047 78.30029297 78.49560547 78.69091797 78.88623047 79.08154297
 79.27685547 79.47216797 79.66748047 79.86279297 80.05810547 80.25341797
 80.44873047 80.64404297 80.83935547 81.03466797 81.22998047 81.42529297
 81.62060547 81.81591797 82.01123047 82.20654297 82.40185547 82.59716797
 82.79248047 82.98779297 83.18310547 83.37841797 83.57373047 83.76904297
 83.96435547 84.15966797 84.35498047 84.55029297 84.74560547 84.94091797
 85.13623047 85.33154297 85.52685547 85.72216797 85.91748047 86.11279297
 86.30810547 86.50341797 86.69873047 86.89404297 87.08935547 87.28466797
 87.47998047 87.67529297 87.87060547 88.06591797 88.26123047 88.45654297
 88.65185547 88.84716797 89.04248047 89.23779297 89.43310547 92.49658203
 92.54541016 92.59423828 92.64306641 92.69189453 92.74072266 92.78955078
 92.83837891 92.88720703 92.93603516 92.98486328]
    