
    ----------------------------
    Cumulative Context Size: [  500  1000  1500  2000  2500  3000  3500  4000  4500  5000  5500  6000
  6500  7000  7500  8000  8500  9000  9500 10000 10500 11000 11500 12000
 12500 13000 13500 14000 14500 15000 15500 16000 16500 17000 17500 18000
 18500 19000 19500 20000]
    Runtime Incremental no KV (ms): [ 10.01878405  15.53740788  20.66059208  27.34454441  34.66779137
  41.11950302  47.9468956   55.14214325  63.82093048  72.33995056
  78.85329437  86.57899475  95.92355347 103.01654434 111.19997025
 125.80546951 135.30937958 146.1150589  150.63305664 163.01217651
 173.9546051  184.1306839  193.53875732 208.13785553 216.74054718
 229.43929291 241.55622864 252.86143494 260.41346741 283.95120239
 286.46238708 307.93257141 312.27987671 335.21420288 341.39649963
 366.07913208 370.7816925  391.42689514 397.21443176 417.75646973]
    Query Runtime Incremental KV (ms): [  8.677104    13.50363207  18.50761604  23.89646435  28.06363201
  33.27223969  38.26312065  43.30384064  47.39603233  53.19899178
  57.83379173  64.41900826  71.3706398   75.75134277  75.46838379
  81.03547287  89.13977814  94.51468658 102.22531128 105.18243027
 109.49923325 112.86883163 120.3079834  124.78852844 129.26683044
 137.11691284 138.73222351 141.88835907 148.68405914 156.45561218
 165.30926514 165.41555023 166.80185699 178.28961945 180.31039429
 184.3686142  188.16444397 201.86335754 202.23247528 204.76287842]
    Condition Runtime Incremental KV (ms): [ 3.63491201  3.73835194  3.92342401  4.87659192  5.80891204  6.83289599
  7.88420773  8.9535203  10.00628805 11.14788818 12.26800013 13.939744
 15.23551989 16.36276817 16.96977615 18.24561596 19.55174446 21.15708828
 22.79500866 24.20667267 24.95873642 26.21774387 27.60148811 29.33664036
 30.3203516  32.2125597  33.53529549 34.69075203 35.6176796  37.70353508
 40.0774231  41.89716721 41.36996841 43.87224007 46.14057541 46.32692719
 48.41187286 49.55563354 52.78959846 52.35782242]
    Runtime Incremental KV (ms): [ 12.31201601  17.24198401  22.43104005  28.77305627  33.87254405
  40.10513568  46.14732838  52.25736094  57.40232038  64.34687996
  70.10179186  78.35875225  86.60615969  92.11411095  92.43815994
  99.28108883 108.6915226  115.67177486 125.02031994 129.38910294
 134.45796967 139.08657551 147.90947151 154.1251688  159.58718204
 169.32947254 172.267519   176.5791111  184.30173874 194.15914726
 205.38668823 207.31271744 208.17182541 222.16185951 226.4509697
 230.69554138 236.57631683 251.41899109 255.02207375 257.12070084]
    Memory Cumulative KV (Mb): [  55.49707031   66.81982422   86.87207031  107.52392578  129.41894531
  154.01855469  175.18066406  197.20361328  219.03564453  242.42919922
  266.05761719  290.34716797  315.19287109  342.07861328  367.05419922
  392.42919922  418.53515625  446.91162109  474.67724609  503.31982422
  531.57324219  559.69775391  589.93066406  620.11914062  651.14013672
  683.53955078  714.41259766  745.15380859  777.42822266  811.20996094
  844.93115234  879.94238281  912.35205078  946.9765625   983.28076172
 1019.97949219 1055.45703125 1092.30078125 1130.28857422 1168.82226562]
    Memory Cumulative No KV (Mb): [ 52.54833984  53.76904297  54.98974609  56.21044922  58.31787109
  58.31787109  59.55859375  62.06884766  63.20068359  63.53369141
  64.28662109  66.95117188  68.08349609  68.10449219  69.63623047
  70.39013672  71.61083984  73.78808594  75.00830078  76.20800781
  76.98242188  78.69140625  80.40039062  82.109375    82.26513672
  85.62158203  85.62158203  86.17285156  88.92578125  90.390625
  91.87597656  94.39013672  95.78222656  97.73535156  99.68847656
 101.64160156 103.59472656 105.54785156 110.36914062 110.38964844]
    