
    ----------------------------
    Cumulative Context Size: [  500  1000  1500  2000  2500  3000  3500  4000  4500  5000  5500  6000
  6500  7000  7500  8000  8500  9000  9500 10000 10500 11000 11500 12000
 12500 13000 13500 14000 14500 15000 15500 16000 16500 17000 17500 18000
 18500 19000 19500 20000]
    Runtime Incremental no KV (ms): [  6.49686408   6.44996786   6.35207987   6.40888      8.25857615
   9.8129921   11.98803234  14.10750437  16.72160053  19.63449574
  22.50148773  26.02392006  29.88140774  33.60939217  37.81593704
  43.14406395  47.51214409  52.28755188  57.58966255  63.82705688
  69.29603195  74.1102562   78.23376083  84.89131165  92.82046509
 101.75734711 108.53260803 115.60813141 118.95153427 127.88740921
 138.57418823 148.13103485 152.50640106 159.77396393 170.9899826
 183.10915375 193.80702972 202.3712616  206.09705353 224.25646973]
    Query Runtime Incremental KV (ms): [ 3.413728    3.40732801  3.50092793  3.44601595  3.44596803  3.44833601
  3.447824    3.66494405  4.03937602  4.39356804  4.68817592  5.00836802
  5.32036805  5.72934389  6.07179213  6.39663982  6.7434721   7.21420789
  7.54399991  7.92283201  8.25407982  8.81729603  9.19689608  9.56532812
 10.09633589 10.46780777 10.23633623 10.59364796 10.90433598 11.64708805
 12.11739206 12.60556793 12.175632   12.48808002 13.13521624 13.6049118
 14.00732803 14.46536016 15.07771158 15.39824009]
    Condition Runtime Incremental KV (ms): [ 3.65433609  3.72272003  3.90737605  5.12227201  5.69320011  6.63340807
  7.61836791  8.60899162  9.55467224 10.60564804 11.75387192 13.00483179
 14.17041588 15.31996822 16.57811165 17.78331184 18.96899128 20.17828846
 21.53406334 22.92323208 24.15425587 25.75411224 27.28982449 28.89646435
 30.34145546 31.79038429 32.1779356  33.56502342 35.0377121  37.17155266
 38.80455971 40.74784088 42.2748642  42.20471954 43.77721596 46.0213604
 47.76217461 49.33982277 51.71182442 53.37619209]
    Runtime Incremental KV (ms): [ 7.06806409  7.13004804  7.40830398  8.56828797  9.13916814 10.08174407
 11.06619191 12.27393568 13.59404826 14.99921608 16.44204783 18.01319981
 19.49078393 21.04931211 22.64990377 24.17995167 25.71246338 27.39249635
 29.07806325 30.84606409 32.40833569 34.57140827 36.48672056 38.46179247
 40.43779135 42.25819206 42.41427183 44.15867138 45.94204807 48.81864071
 50.92195177 53.35340881 54.4504962  54.69279957 56.91243219 59.6262722
 61.76950264 63.80518293 66.789536   68.77443218]
    Memory Cumulative KV (Mb): [  34.26220703   53.96044922   74.01318359   94.66503906  117.29833984
  139.62792969  163.36328125  182.74755859  207.39941406  231.18847656
  252.48925781  278.22070312  303.30957031  327.73095703  352.97265625
  380.76708984  405.74755859  433.00390625  460.68603516  489.72851562
  518.0703125   547.23779297  577.31542969  607.57617188  637.54833984
  670.22802734  701.20068359  732.11816406  764.34570312  797.39501953
  830.79931641  866.67285156  899.50878906  934.11767578  969.42919922
 1006.31494141 1041.60546875 1079.18164062 1116.86816406 1155.64599609]
    Memory Cumulative No KV (Mb): [16.05664062 17.74365234 19.69677734 21.64990234 24.48779297 25.70898438
 27.50927734 29.61621094 32.30224609 33.36865234 35.32177734 37.4296875
 40.18212891 41.18115234 44.02197266 45.70898438 47.04052734 48.99365234
 50.94677734 53.36669922 54.85302734 56.80615234 59.40332031 60.86816406
 62.66552734 66.52978516 67.01806641 68.52490234 70.47802734 72.43115234
 74.38427734 76.33740234 78.29052734 80.24365234 82.19677734 84.14990234
 86.10302734 88.05615234 92.87744141 93.36572266]
    