
    ----------------------------
    Cumulative Context Size: [  500  1000  1500  2000  2500  3000  3500  4000  4500  5000  5500  6000
  6500  7000  7500  8000  8500  9000  9500 10000 10500 11000 11500 12000
 12500 13000 13500 14000 14500 15000 15500 16000 16500 17000 17500 18000
 18500 19000 19500 20000]
    Runtime Incremental no KV (ms): [  6.29406381   6.40649605   7.64903998   9.6468482   12.28089619
  14.72599983  17.81192017  21.22015953  25.09748745  29.05761623
  32.68998337  36.45944023  41.30582428  45.98999977  51.09991837
  56.39828873  61.68916893  66.0904808   72.36953354  80.20132828
  88.15134048  94.25395203 103.08886719 106.25239944 110.60704041
 121.19329453 130.51191711 142.50039673 144.95957184 151.95166016
 168.50225067 180.21044922 183.77748871 194.16340637 199.7675705
 213.26210022 223.99797058 236.92910004 249.0267868  259.96220398]
    Query Runtime Incremental KV (ms): [ 3.40716803  3.66060805  4.77659202  5.73948812  6.83675194  7.88278413
  9.20720005  9.75472021 10.8134079  11.89166403 12.927104   13.92609596
 15.04113626 16.45910358 17.48359966 18.79481602 19.89539242 21.23670483
 22.43361664 23.68710423 25.54977608 26.38721657 26.39932823 26.13652802
 26.95313644 28.23046398 30.45257568 32.32820892 33.53316879 34.86696053
 34.82153702 34.84854507 36.21928024 38.23104095 40.9575367  39.0756321
 40.52222252 44.66105461 46.50380898 45.57539177]
    Condition Runtime Incremental KV (ms): [ 3.68239999  3.72883201  3.95249605  4.85206389  5.77793598  6.77326393
  7.81305599  8.8732481   9.73160028 10.77820778 11.96980762 13.522192
 14.38548803 15.76620817 16.92496014 18.39132786 19.68244743 21.04864025
 22.31758404 23.65035152 25.54604816 26.84334469 28.20121574 28.79259205
 29.34719944 30.99444771 33.11782455 35.19737625 36.9054718  38.41574287
 39.14792061 41.03582382 40.95006371 43.81126404 45.25707245 46.05769539
 47.81276894 50.35595131 53.48732758 55.21508789]
    Runtime Incremental KV (ms): [  7.08956802   7.38944006   8.72908807  10.59155202  12.61468792
  14.65604806  17.02025604  18.62796831  20.54500818  22.66987181
  24.89691162  27.44828796  29.4266243   32.22531176  34.4085598
  37.18614388  39.57783985  42.28534508  44.75120068  47.33745575
  51.09582424  53.23056126  54.60054398  54.92912006  56.30033588
  59.22491169  63.57040024  67.52558517  70.43864059  73.2827034
  73.96945763  75.8843689   77.16934395  82.04230499  86.21460915
  85.13332748  88.33499146  95.01700592  99.99113655 100.79047966]
    Memory Cumulative KV (Mb): [  39.07568359   58.77392578   78.82666016   99.47851562  122.11181641
  144.44140625  168.17675781  187.56103516  212.21289062  236.00195312
  257.30273438  283.03417969  308.12304688  332.54443359  357.78613281
  385.58056641  410.56103516  437.81738281  465.49951172  494.54199219
  522.88378906  552.05126953  582.12890625  612.38964844  642.36181641
  675.04150391  706.01416016  736.93164062  769.15917969  802.20849609
  835.61279297  871.48632812  904.32226562  938.93115234  974.24267578
 1011.12841797 1046.41894531 1083.99511719 1121.68164062 1160.45947266]
    Memory Cumulative No KV (Mb): [24.62011719 25.84082031 27.06152344 28.28222656 30.05126953 31.27246094
 33.07275391 35.1796875  37.86572266 38.93212891 40.88525391 42.99316406
 45.74560547 46.74462891 49.58544922 51.27246094 52.60400391 54.55712891
 56.51025391 58.93017578 60.41650391 62.36962891 64.96679688 66.43164062
 68.22900391 72.09326172 72.58154297 74.08837891 76.04150391 77.99462891
 79.94775391 81.90087891 83.85400391 85.80712891 87.76025391 89.71337891
 91.66650391 93.61962891 98.44091797 98.92919922]
    