
    ----------------------------
    Cumulative Context Size: [  500  1000  1500  2000  2500  3000  3500  4000  4500  5000  5500  6000
  6500  7000  7500  8000  8500  9000  9500 10000 10500 11000 11500 12000
 12500 13000 13500 14000 14500 15000 15500 16000 16500 17000 17500 18000
 18500 19000 19500 20000 20500 21000 21500 22000 22500 23000 23500 24000
 24500 25000 25500 26000 26500 27000 27500 28000 28500 29000 29500 30000
 30500 31000 31500 32000 32500 33000 33500 34000 34500 35000 35500 36000
 36500 37000 37500 38000 38500 39000 39500 40000 40500 41000 41500 42000
 42500 43000 43500 44000 44500 45000 45500 46000 46500 47000 47500 48000
 48500 49000 49500 50000]
    Runtime Incremental (ms): [  3.76411732   3.81628791   3.95741876   4.63832537   5.56359466
   6.75358931   7.44820261   8.43651199   9.44419193  10.45492268
  11.59052785  12.82027753  13.97649097  15.0889705   16.21154086
  17.3616848   18.50563176  19.6774826   20.87826157  22.11754608
  23.36855443  24.5915521   25.841664    27.13015493  28.46980286
  30.01173337  31.09821892  32.50913111  33.94273122  35.3371404
  36.67906062  38.15342967  39.58833059  41.03011195  42.49893443
  44.01460266  45.51066717  47.06638845  48.58455531  50.09362157
  51.6924057   53.25530624  54.87542343  56.57672501  58.32082113
  60.14629364  61.57169088  63.4176      65.18359629  66.7711792
  68.56952413  70.51874034  72.26794688  73.99106344  75.64919535
  77.77926381  79.76218669  81.40502167  83.35328929  85.42634837
  87.27377065  89.38533274  91.22633616  93.40054576  95.18797811
  97.44726308  99.32650503 101.29242452 103.29935964 105.65930684
 107.83368683 110.57352702 112.10852305 114.33277893 116.69853719
 118.97720591 120.92804209 123.04057312 125.56563314 128.02993774
 130.21091207 132.50134277 135.07495117 137.53987122 140.0869751
 142.41538493 144.90211487 147.16479492 149.73496501 152.02941895
 154.33280436 157.61931864 159.73355611 162.39001973 165.12865194
 167.9973348  170.49433899 172.76712545 175.72666423 178.6099294 ]
    Memory Cumulative (Mb): [  34.23291016   53.93115234   73.98388672   94.63574219  116.52685547
  139.59863281  162.62792969  183.47753906  206.63769531  230.30224609
  252.95117188  278.23828125  302.57177734  327.99560547  353.77050781
  381.52148438  405.89160156  432.97460938  461.63378906  489.38867188
  517.81933594  546.97705078  577.04199219  606.7421875   637.86328125
  668.51708984  699.76953125  732.03564453  764.31640625  797.36572266
  831.18505859  865.75048828  899.13134766  934.08837891  969.39990234
 1006.21484375 1041.57617188 1078.44042969 1116.39208984 1153.47753906
 1192.06640625 1231.06591797 1269.54833984 1309.42919922 1350.24169922
 1390.67626953 1431.46630859 1472.85449219 1515.10302734 1557.27246094
 1600.21386719 1643.75390625 1687.6484375  1732.14208984 1776.99072266
 1822.43798828 1868.24023438 1915.546875   1961.39697266 2008.75146484
 2056.4609375  2104.76953125 2153.43261719 2202.69482422 2267.79443359
 2333.92431641 2401.00732422 2469.04443359 2538.03466797 2607.97900391
 2678.87744141 2751.63525391 2824.26611328 2897.29345703 2972.00634766
 3047.67236328 3124.29248047 3201.86669922 3280.39404297 3359.87548828
 3440.31005859 3521.69873047 3604.35546875 3687.33642578 3771.58642578
 3856.78955078 3943.74951172 4030.05615234 4118.12060547 4207.13818359
 4297.10986328 4388.03564453 4479.91455078 4572.74658203 4667.1953125
 4761.69140625 4856.96630859 4953.61376953 5051.21435547 5149.76904297]
    